228 189 225 161 162 161 155 148 197  87  72 203 206 221 212 200
195 212 231 182 160 135 122  63  89  87  54 207 234 219 227 245
181 232 223 181 148 149 111  56 104  69  57 151 196 214 217 231
192 163 168 163 128 191 100  26  27  73  57 177 181 181 212 213
142 179 146 141 150 216  85  80  74  86  70 179 169 178 208 222
127 157 191 169 176 179  75  53  64 225  56 176 166 178 189 232
142 138 154 157 151 162  62  51  60  70  66 118 171 179 189 203
138 137 161 153 124 183  60  41  67  71  63  86 170 195 186 190
161 155 172 173 137 141  49  59  56  60  44  84 176 165 188 193
159 157 139 172 145 115  38  47 233  56  22 117 155 156 193 188
162 134 168 149 151 109  54  51  53  42 166 136 121 174 196 180
138 152 137 133 156 109  48  37  52  49  39 117 113 178 185 195
138 148 147 145 152 114  41  26  29  51  34 118 115 140 194 197
 81 152 156 151 155 115  49  36  56  43  48 111 147 137 169 204
 59  86 157 137 134 138  34  38 128  42  39 124 140 140 137 189
 54  89 104 156 151 143  35  34  39  34  31 138 145 160 144 174
224 194 228 170 170 168 161 157 199  92  76 210 211 226 218 206
200 220 231 186 172 147 129  76  96  97  63 211 238 219 229 246
185 234 225 187 155 160 118  63 113  78  69 158 204 219 218 233
197 169 176 171 138 198 107  31  32  81  69 185 191 191 213 214
152 188 154 152 163 218  95  90  83  98  83 188 182 188 214 224
139 166 199 178 185 188  88  72  75 245  68 190 178 191 195 232
153 145 160 166 161 168  73  63  72  82  79 128 177 191 195 208
149 149 169 157 133 192  70  49  76  82  72  96 181 207 195 199
171 168 179 183 148 151  60  67  66  68  53  91 194 174 200 199
167 169 141 183 157 125  46  58 246  64  28 127 168 162 204 195
168 145 181 156 161 117  69  65  72  64 130 146 131 184 208 188
143 160 147 140 166 116  60  48  65  61  50 129 122 188 193 200
148 160 154 154 158 122  49  35  38  59  41 127 124 150 199 203
 89 163 166 162 161 126  55  43  62  50  54 122 159 149 176 209
 64  92 168 147 141 148  43  44 138  47  46 132 149 150 148 196
 66 101 113 166 163 149  40  39  45  41  37 148 157 171 155 180
224 194 226 175 170 171 166 161 199  90  73 210 214 229 217 211
199 220 230 190 176 153 126  75  94  95  63 211 239 219 229 245
187 234 223 190 159 166 115  62 109  75  69 161 205 222 219 234
199 174 180 180 143 200 106  32  32  80  67 190 198 197 214 215
159 192 156 159 172 219  94  88  80  95  81 195 188 194 218 225
141 170 200 182 192 192  86  74  71 245  69 198 187 197 200 232
159 148 164 172 168 173  72  63  72  82  77 135 183 197 200 209
155 154 173 162 141 199  70  48  73  79  71 101 188 214 200 203
179 174 185 190 155 158  60  66  63  66  52  94 201 181 206 203
173 175 143 191 163 129  44  55 244  61  28 131 174 168 207 198
173 149 189 160 168 122 119  61  69  66  14 153 136 188 213 192
148 164 151 143 174 120  60  48  69  61  49 134 126 192 195 203
152 164 159 159 161 126  50  35  38  58  41 133 127 157 200 205
 89 167 172 168 163 130  54  42  60  47  53 125 165 153 179 211
 66  91 173 151 144 150  43  45 134  50  47 132 153 156 154 198
 68 102 113 170 169 149  43  40  43  42  37 152 162 178 159 185

200 245 231 213 222 232 203 190 193 188 180 195 197 204 189 174
212 227 217 212 208 189 189 186 188 193 196 185 194 169 137 144
221 219 214 181 178 178 179 195 165 156 174 178 140 137 140 160
206 234 196 181 169 166 171 170 176 155 121 113 115 147 140 145
203 207 151 177 179 176 118  86  84 117 136 117 118 111 124 138
 72  54  57  57  70  56  66  63  44  22 166  39  34  48  39  31
 87  87  69  73  86 225  70  71  60  56  42  49  51  43  42  34
197  89 104  27  74  64  60  67  56 233  53  52  29  56 128  39
148  63  56  26  80  53  51  41  59  47  51  37  26  36  38  34
155 122 111 100  85  75  62  60  49  38  54  48  41  49  34  35
161 135 149 191 216 179 162 183 141 115 109 109 114 115 138 143
162 160 148 128 150 176 151 124 137 145 151 156 152 155 134 151
161 182 181 163 141 169 157 153 173 172 149 133 145 151 137 156
225 231 223 168 146 191 154 161 172 139 168 137 147 156 157 104
189 212 232 163 179 157 138 137 155 157 134 152 148 152  86  89
228 195 181 192 142 127 142 138 161 159 162 138 138  81  59  54
206 246 233 214 224 232 208 199 199 195 188 200 203 209 196 180
218 229 218 213 214 195 195 195 200 204 208 193 199 176 148 155
226 219 219 191 188 191 191 207 174 162 184 188 150 149 150 171
211 238 204 191 182 178 177 181 194 168 131 122 124 159 149 157
210 211 158 185 188 190 128  96  91 127 146 129 127 122 132 148
 76  63  69  69  83  68  79  72  53  28 130  50  41  54  46  37
 92  97  78  81  98 245  82  82  68  64  64  61  59  50  47  41
199  96 113  32  83  75  72  76  66 246  72  65  38  62 138  45
157  76  63  31  90  72  63  49  67  58  65  48  35  43  44  39
161 129 118 107  95  88  73  70  60  46  69  60  49  55  43  40
168 147 160 198 218 188 168 192 151 125 117 116 122 126 148 149
170 172 155 138 163 185 161 133 148 157 161 166 158 161 141 163
170 186 187 171 152 178 166 157 183 183 156 140 154 162 147 166
228 231 225 176 154 199 160 169 179 141 181 147 154 166 168 113
194 220 234 169 188 166 145 149 168 169 145 160 160 163  92 101
224 200 185 197 152 139 153 149 171 167 168 143 148  89  64  66
211 245 234 215 225 232 209 203 203 198 192 203 205 211 198 185
217 229 219 214 218 200 200 200 206 207 213 195 200 179 154 159
229 219 222 197 194 197 197 214 181 168 188 192 157 153 156 178
214 239 205 198 188 187 183 188 201 174 136 126 127 165 153 162
210 211 161 190 195 198 135 101  94 131 153 134 133 125 132 152
 73  63  69  67  81  69  77  71  52  28  14  49  41  53  47  37
 90  95  75  80  95 245  82  79  66  61  66  61  58  47  50  42
199  94 109  32  80  71  72  73  63 244  69  69  38  60 134  43
161  75  62  32  88  74  63  48  66  55  61  48  35  42  45  40
166 126 115 106  94  86  72  70  60  44 119  60  50  54  43  43
171 153 166 200 219 192 173 199 158 129 122 120 126 130 150 149
170 176 159 143 172 192 168 141 155 163 168 174 161 163 144 169
175 190 190 180 159 182 172 162 190 191 160 143 159 168 151 170
226 230 223 180 156 200 164 173 185 143 189 151 159 172 173 113
194 220 234 174 192 170 148 154 174 175 149 164 164 167  91 102
224 199 187 199 159 141 159 155 179 173 173 148 152  89  66  68

174 144 160 145 138  31  34  39  34  35 143 151 156 104  89  54
189 137 140 140 124  39  42 128  38  34 138 134 137 157  86  59
204 169 137 147 111  48  43  56  36  49 115 155 151 156 152  81
197 194 140 115 118  34  51  29  26  41 114 152 145 147 148 138
195 185 178 113 117  39  49  52  37  48 109 156 133 137 152 138
180 196 174 121 136 166  42  53  51  54 109 151 149 168 134 162
188 193 156 155 117  22  56 233  47  38 115 145 172 139 157 159
193 188 165 176  84  44  60  56  59  49 141 137 173 172 155 161
190 186 195 170  86  63  71  67  41  60 183 124 153 161 137 138
203 189 179 171 118  66  70  60  51  62 162 151 157 154 138 142
232 189 178 166 176  56 225  64  53  75 179 176 169 191 157 127
222 208 178 169 179  70  86  74  80  85 216 150 141 146 179 142
213 212 181 181 177  57  73  27  26 100 191 128 163 168 163 192
231 217 214 196 151  57  69 104  56 111 149 148 181 223 232 181
245 227 219 234 207  54  87  89  63 122 135 160 182 231 212 195
200 212 221 206 203  72  87 197 148 155 161 162 161 225 189 228
180 155 171 157 148  37  41  45  39  40 149 163 166 113 101  66
196 148 150 149 132  46  47 138  44  43 148 141 147 168  92  64
209 176 149 159 122  54  50  62  43  55 126 161 162 166 163  89
203 199 150 124 127  41  59  38  35  49 122 158 154 154 160 148
200 193 188 122 129  50  61  65  48  60 116 166 140 147 160 143
188 208 184 131 146 130  64  72  65  69 117 161 156 181 145 168
195 204 162 168 127  28  64 246  58  46 125 157 183 141 169 167
199 200 174 194  91  53  68  66  67  60 151 148 183 179 168 171
199 195 207 181  96  72  82  76  49  70 192 133 157 169 149 149
208 195 191 177 128  79  82  72  63  73 168 161 166 160 145 153
232 195 191 178 190  68 245  75  72  88 188 185 178 199 166 139
224 214 188 182 188  83  98  83  90  95 218 163 152 154 188 152
214 213 191 191 185  69  81  32  31 107 198 138 171 176 169 197
233 218 219 204 158  69  78 113  63 118 160 155 187 225 234 185
246 229 219 238 211  63  97  96  76 129 147 172 186 231 220 200
206 218 226 211 210  76  92 199 157 161 168 170 170 228 194 224
185 159 178 162 152  37  42  43  40  43 149 169 170 113 102  68
198 154 156 153 132  47  50 134  45  43 150 144 151 173  91  66
211 179 153 165 125  53  47  60  42  54 130 163 168 172 167  89
205 200 157 127 133  41  58  38  35  50 126 161 159 159 164 152
203 195 192 126 134  49  61  69  48  60 120 174 143 151 164 148
192 213 188 136 153  14  66  69  61 119 122 168 160 189 149 173
198 207 168 174 131  28  61 244  55  44 129 163 191 143 175 173
203 206 181 201  94  52  66  63  66  60 158 155 190 185 174 179
203 200 214 188 101  71  79  73  48  70 199 141 162 173 154 155
209 200 197 183 135  77  82  72  63  72 173 168 172 164 148 159
232 200 197 187 198  69 245  71  74  86 192 192 182 200 170 141
225 218 194 188 195  81  95  80  88  94 219 172 159 156 192 159
215 214 197 198 190  67  80  32  32 106 200 143 180 180 174 199
234 219 222 205 161  69  75 109  62 115 166 159 190 223 234 187
245 229 219 239 211  63  95  94  75 126 153 176 190 230 220 199
211 217 229 214 210  73  90 199 161 166 171 170 175 226 194 224

 54  59  81 138 138 162 159 161 138 142 127 142 192 181 195 228
 89  86 152 148 152 134 157 155 137 138 157 179 163 232 212 189
104 157 156 147 137 168 139 172 161 154 191 146 168 223 231 225
156 137 151 145 133 149 172 173 153 157 169 141 163 181 182 161
151 134 155 152 156 151 145 137 124 151 176 150 128 148 160 162
143 138 115 114 109 109 115 141 183 162 179 216 191 149 135 161
 35  34  49  41  48  54  38  49  60  62  75  85 100 111 122 155
 34  38  36  26  37  51  47  59  41  51  53  80  26  56  63 148
 39 128  56  29  52  53 233  56  67  60  64  74  27 104  89 197
 34  42  43  51  49  42  56  60  71  70 225  86  73  69  87  87
 31  39  48  34  39 166  22  44  63  66  56  70  57  57  54  72
138 124 111 118 117 136 117  84  86 118 176 179 177 151 207 203
145 140 147 115 113 121 155 176 170 171 166 169 181 196 234 206
160 140 137 140 178 174 156 165 195 179 178 178 181 214 219 221
144 137 169 194 185 196 193 188 186 189 189 208 212 217 227 212
174 189 204 197 195 180 188 193 190 203 232 222 213 231 245 200
 66  64  89 148 143 168 167 171 149 153 139 152 197 185 200 224
101  92 163 160 160 145 169 168 149 145 166 188 169 234 220 194
113 168 166 154 147 181 141 179 169 160 199 154 176 225 231 228
166 147 162 154 140 156 183 183 157 166 178 152 171 187 186 170
163 141 161 158 166 161 157 148 133 161 185 163 138 155 172 170
149 148 126 122 116 117 125 151 192 168 188 218 198 160 147 168
 40  43  55  49  60  69  46  60  70  73  88  95 107 118 129 161
 39  44  43  35  48  65  58  67  49  63  72  90  31  63  76 157
 45 138  62  38  65  72 246  66  76  72  75  83  32 113  96 199
 41  47  50  59  61  64  64  68  82  82 245  98  81  78  97  92
 37  46  54  41  50 130  28  53  72  79  68  83  69  69  63  76
148 132 122 127 129 146 127  91  96 128 190 188 185 158 211 210
157 149 159 124 122 131 168 194 181 177 178 182 191 204 238 211
171 150 149 150 188 184 162 174 207 191 191 188 191 219 219 226
155 148 176 199 193 208 204 200 195 195 195 214 213 218 229 218
180 196 209 203 200 188 195 199 199 208 232 224 214 233 246 206
 68  66  89 152 148 173 173 179 155 159 141 159 199 187 199 224
102  91 167 164 164 149 175 174 154 148 170 192 174 234 220 194
113 173 172 159 151 189 143 185 173 164 200 156 180 223 230 226
170 151 168 159 143 160 191 190 162 172 182 159 180 190 190 175
169 144 163 161 174 168 163 155 141 168 192 172 143 159 176 170
149 150 130 126 120 122 129 158 199 173 192 219 200 166 153 171
 43  43  54  50  60 119  44  60  70  72  86  94 106 115 126 166
 40  45  42  35  48  61  55  66  48  63  74  88  32  62  75 161
 43 134  60  38  69  69 244  63  73  72  71  80  32 109  94 199
 42  50  47  58  61  66  61  66  79  82 245  95  80  75  95  90
 37  47  53  41  49  14  28  52  71  77  69  81  67  69  63  73
152 132 125 133 134 153 131  94 101 135 198 195 190 161 211 210
162 153 165 127 126 136 174 201 188 183 187 188 198 205 239 214
178 156 153 157 192 188 168 181 214 197 197 194 197 222 219 229
159 154 179 200 195 213 207 206 200 200 200 218 214 219 229 217
185 198 211 205 203 192 198 203 203 209 232 225 215 234 245 211
